.data 
	ndArray:.float 1.0, 1.0, 1.0, 1.0, 1.0, 0.5, 1.0, 0.0, 0.5, 1.0, 1.0, 1.0, 1.0, 1.0, 1.0, 1.0, 1.0, 1.0
		.float  2.0, 1.0, 0.5, 0.5, 1.0, 2.0, 0.5, 0.0, 2.0, 1.0, 1.0, 1.0, 1.0, 0.5, 2.0, 1.0, 2.0, 0.5
		.float  1.0, 2.0, 1.0, 1.0, 1.0, 0.5, 2.0, 1.0, 0.5, 1.0, 1.0, 2.0, 0.5, 1.0, 1.0, 1.0, 1.0, 1.0
		.float  1.0, 1.0, 1.0, 0.5, 0.5, 0.5, 1.0, 0.5, 0.0, 1.0, 1.0, 2.0, 1.0, 1.0, 1.0, 1.0, 1.0, 2.0
		.float  1.0, 1.0, 0.0, 2.0, 1.0, 2.0, 0.5, 1.0, 2.0, 2.0, 1.0, 0.5, 2.0, 1.0, 1.0, 1.0, 1.0, 1.0 
		.float  1.0, 0.5, 2.0, 1.0, 0.5, 1.0, 2.0, 1.0, 0.5, 2.0, 1.0, 1.0, 1.0, 1.0, 2.0, 1.0, 1.0, 1.0
		.float  1.0, 0.5, 0.5 ,0.5, 1.0, 1.0, 1.0, 0.5, 0.5, 0.5, 1.0, 2.0, 1.0, 2.0, 1.0, 1.0, 2.0, 0.5
		.float  0.0, 1.0, 1.0, 1.0, 1.0, 1.0, 1.0, 2.0, 1.0, 1.0, 1.0, 1.0, 1.0, 2.0, 1.0, 1.0, 0.5, 1.0
		.float  1.0, 1.0, 1.0, 1.0, 1.0, 2.0, 1.0, 1.0, 0.5, 0.5, 0.5, 1.0, 0.5, 1.0, 2.0, 1.0, 1.0, 2.0
		.float  1.0, 1.0, 1.0, 1.0, 1.0, 0.5, 2.0, 1.0, 2.0, 0.5, 0.5, 2.0, 1.0, 1.0, 2.0, 0.5, 1.0, 1.0 
		.float  1.0, 1.0, 1.0, 1.0, 2.0, 2.0, 1.0, 1.0, 1.0, 2.0, 0.5, 0.5, 1.0, 1.0, 1.0, 0.5, 1.0, 1.0
		.float  1.0, 1.0, 0.5, 0.5, 2.0, 2.0, 0.5, 1.0, 0.5, 0.5, 2.0, 0.5, 1.0, 1.0, 1.0, 0,5, 1.0, 1.0
		.float  1.0, 1.0, 2.0, 1.0, 0.0, 1.0, 1.0, 1.0, 1.0, 1.0, 2.0, 0.5, 0.5, 1.0, 1.0, 0.5, 1.0, 1.0
		.float  1.0, 2.0, 1.0, 2.0, 1.0, 1.0, 1.0, 1.0, 0.5, 1.0, 1.0, 1.0, 1.0, 0.5, 1.0, 1.0, 0.0, 1.0
		.float  1.0, 1.0, 2.0, 1.0, 2.0, 1.0, 1.0, 1.0, 0.5, 0.5, 0.5, 2.0, 1.0, 1.0, 0.5, 2.0, 1.0, 1.0
		.float  1.0, 1.0, 1.0, 1.0, 1.0, 1.0, 1.0, 1.0, 0.5, 1.0, 1.0, 1.0, 1.0, 1.0, 1.0, 2.0, 1.0, 0.0
		.float  1.0, 0.5, 1.0, 1.0, 1.0, 1.0, 1.0, 2.0, 1.0, 1.0, 1.0, 1.0, 1.0, 2.0, 1.0, 1.0, 0.5, 0.5
		.float  1.0, 2.0, 1.0, 0.5, 1.0, 1.0, 1.0, 1.0, 0.5, 0.5, 1.0, 1.0, 1.0, 1.0, 1.0, 2.0, 2.0, 1.0
	size: .word 18 
.text
	main:
  		la $a0, ndArray
  		lw $a1, size
  		jal printN
		li $v0, 2
 		syscall

		li $v0, 10
		syscall

	printN:
		li $t5,4
		li $t0, 1
		li $t1, 0
		li $v0, 0
		# addr= base address + ((row index * columm size)  + columm index) * DATA_SIZE
		mul  $t2,$t0, $a1	 #row index * columm size
		add  $t2, $t2, $t1	#         + columm index
		mul $t2, $t2, $t5	#         * DATA_SIZE
		add $t2,$t2, $a0	#          + base address
		l.s $f12, 0($t2)	 #carga en f12 registro similar a v0 en flotante
		jr $ra
